300007	
300017	
300023	
300043	
300073	
300089	
300109	
300119	
300137	
300149
300151	
300163	
300187	
300191	
300193	
300221	
300229	
300233	
300239	
300247
300277	
300299	
300301	
300317	
300319	
300323	
300331	
300343	
300347	
300367
300397	
300413	
300427	
300431	
300439	
300463	
300481	
300491	
300493	
300497
300499	
300511	
300557	
300569	
300581	
300583	
300589	
300593	
300623	
300631
300647	
300649	
300661	
300667	
300673	
300683	
300691	
300719	
300721	
300733
300739	
300743	
300749	
300757	
300761	
300779	
300787	
300799	
300809	
300821
300823	
300851	
300857	
300869	
300877	
300889	
300893	
300929	
300931	
300953
300961	
300967	
300973	
300977	
300997	
301013	
301027	
301039	
301051	
301057
301073	
301079	
301123	
301127	
301141	
301153	
301159	
301177	
301181	
301183
301211	
301219	
301237	
301241	
301243	
301247	
301267	
301303	
301319	
301331
301333	
301349	
301361	
301363	
301381	
301403	
301409	
301423	
301429	
301447
301459	
301463	
301471	
301487	
301489	
301493	
301501	
301531	
301577	
301579
301583	
301591	
301601	
301619	
301627	
301643	
301649	
301657	
301669	
301673
301681	
301703	
301711	
301747	
301751	
301753	
301759	
301789	
301793	
301813
301831	
301841	
301843	
301867	
301877	
301897	
301901	
301907	
301913	
301927
301933	
301943	
301949	
301979	
301991	
301993	
301997	
301999	
302009	
302053
302111	
302123	
302143	
302167	
302171	
302173	
302189	
302191	
302213	
302221
302227	
302261	
302273	
302279	
302287	
302297	
302299	
302317	
302329	
302399
302411	
302417	
302429	
302443	
302459	
302483	
302507	
302513	
302551	
302563
302567	
302573	
302579	
302581	
302587	
302593	
302597	
302609	
302629	
302647
302663	
302681	
302711	
302723	
302747	
302759	
302767	
302779	
302791	
302801
302831	
302833	
302837	
302843	
302851	
302857	
302873	
302891	
302903	
302909
302921	
302927	
302941	
302959	
302969	
302971	
302977	
302983	
302989	
302999
303007	
303011	
303013	
303019	
303029	
303049	
303053	
303073	
303089	
303091
303097	
303119	
303139	
303143	
303151	
303157	
303187	
303217	
303257	
303271
303283	
303287	
303293	
303299	
303307	
303313	
303323	
303337	
303341	
303361
303367	
303371	
303377	
303379	
303389	
303409	
303421	
303431	
303463	
303469
303473	
303491	
303493	
303497	
303529	
303539	
303547	
303551	
303553	
303571
303581	
303587	
303593	
303613	
303617	
303619	
303643	
303647	
303649	
303679
303683	
303689	
303691	
303703	
303713	
303727	
303731	
303749	
303767	
303781
303803	
303817	
303827	
303839	
303859	
303871	
303889	
303907	
303917	
303931
303937	
303959	
303983	
303997	
304009	
304013	
304021	
304033	
304039	
304049
304063	
304067	
304069	
304081	
304091	
304099	
304127	
304151	
304153	
304163
304169	
304193	
304211	
304217	
304223	
304253	
304259	
304279	
304301	
304303
304331	
304349	
304357	
304363	
304373	
304391	
304393	
304411	
304417	
304429
304433	
304439	
304457	
304459	
304477	
304481	
304489	
304501	
304511	
304517
304523	
304537	
304541	
304553	
304559	
304561	
304597	
304609	
304631	
304643
304651	
304663	
304687	
304709	
304723	
304729	
304739	
304751	
304757	
304763
304771	
304781	
304789	
304807	
304813	
304831	
304847	
304849	
304867	
304879
304883	
304897	
304901	
304903	
304907	
304933	
304937	
304943	
304949	
304961
304979	
304981	
305017	
305021	
305023	
305029	
305033	
305047	
305069	
305093
305101	
305111	
305113	
305119	
305131	
305143	
305147	
305209	
305219	
305231
305237	
305243	
305267	
305281	
305297	
305329	
305339	
305351	
305353	
305363
305369	
305377	
305401	
305407	
305411	
305413	
305419	
305423	
305441	
305449
305471	
305477	
305479	
305483	
305489	
305497	
305521	
305533	
305551	
305563
305581	
305593	
305597	
305603	
305611	
305621	
305633	
305639	
305663	
305717
305719	
305741	
305743	
305749	
305759	
305761	
305771	
305783	
305803	
305821
305839	
305849	
305857	
305861	
305867	
305873	
305917	
305927	
305933	
305947
305971	
305999	
306011	
306023	
306029	
306041	
306049	
306083	
306091	
306121
306133	
306139	
306149	
306157	
306167	
306169	
306191	
306193	
306209	
306239
306247	
306253	
306259	
306263	
306301	
306329	
306331	
306347	
306349	
306359
306367	
306377	
306389	
306407	
306419	
306421	
306431	
306437	
306457	
306463
306473	
306479	
306491	
306503	
306511	
306517	
306529	
306533	
306541	
306563
306577	
306587	
306589	
306643	
306653	
306661	
306689	
306701	
306703	
306707
306727	
306739	
306749	
306763	
306781	
306809	
306821	
306827	
306829	
306847
306853	
306857	
306871	
306877	
306883	
306893	
306899	
306913	
306919	
306941
306947	
306949	
306953	
306991	
307009	
307019	
307031	
307033	
307067	
307079
307091	
307093	
307103	
307121	
307129	
307147	
307163	
307169	
307171	
307187
307189	
307201	
307243	
307253	
307259	
307261	
307267	
307273	
307277	
307283