282755483533707287054752184321121345766861480697448703443857012153264407439766013042402571
370332600450952648802345609908335058273399487356359263038584017827194636172568988257769601
463199005416013829210323411514132845972525641604435693287586851332821637442813833942427923
374413471625854958269706803072259202131399386829497836277471117216044734280924224462969371
664869143773196608462001772779382650311673568542237852546715913135688434614731717844868261
309133826845331278722882330592890120369379620942948199356542318795450228858357445635314757
976522637021306403150551933319006137720124048624544172072735055780411834104862667155922841
635752334942676003169313626814655695963315290125751655287486460091602385142405742365191277
625161793954624746211679299331621567931369768944205635791355694727774487677706013842058779
204005728266090048777253207241416669051476369216501266754813821619984472224780876488344279
